Bin number in Map x y Bin number in distribution histo Events Energy
1	-15	-15	1	490176	0.0583333
1	-15	-15	2	74968	0.17807
1	-15	-15	3	43990	0.304288
1	-15	-15	4	31443	0.437731
1	-15	-15	5	24898	0.579275
1	-15	-15	6	20397	0.729969
1	-15	-15	7	17422	0.89108
1	-15	-15	8	15507	1.06416
1	-15	-15	9	13828	1.25112
1	-15	-15	10	12542	1.45441
1	-15	-15	11	11454	1.67713
1	-15	-15	12	10751	1.92343
1	-15	-15	13	10365	2.19889
1	-15	-15	14	9883	2.51139
1	-15	-15	15	9826	2.8725
1	-15	-15	16	10085	3.30028
1	-15	-15	17	10461	3.82528
1	-15	-15	18	11428	4.50584
1	-15	-15	19	13655	5.47806
1	-15	-15	20	1851	6.5307
2	-7.5	-15	1	335515	0.0583333
2	-7.5	-15	2	51883	0.17807
2	-7.5	-15	3	30847	0.304288
2	-7.5	-15	4	22013	0.437731
2	-7.5	-15	5	17091	0.579275
2	-7.5	-15	6	14092	0.729969
2	-7.5	-15	7	12227	0.89108
2	-7.5	-15	8	10670	1.06416
2	-7.5	-15	9	9451	1.25112
2	-7.5	-15	10	8785	1.45441
2	-7.5	-15	11	7917	1.67713
2	-7.5	-15	12	7501	1.92343
2	-7.5	-15	13	7280	2.19889
2	-7.5	-15	14	6978	2.51139
2	-7.5	-15	15	6919	2.8725
2	-7.5	-15	16	7046	3.30028
2	-7.5	-15	17	7403	3.82528
2	-7.5	-15	18	8043	4.50584
2	-7.5	-15	19	9610	5.47806
2	-7.5	-15	20	1292	6.5307
3	-3.75	-15	1	184421	0.0583333
3	-3.75	-15	2	28574	0.17807
3	-3.75	-15	3	16865	0.304288
3	-3.75	-15	4	12116	0.437731
3	-3.75	-15	5	9668	0.579275
3	-3.75	-15	6	7898	0.729969
3	-3.75	-15	7	6794	0.89108
3	-3.75	-15	8	5779	1.06416
3	-3.75	-15	9	5327	1.25112
3	-3.75	-15	10	4818	1.45441
3	-3.75	-15	11	4402	1.67713
3	-3.75	-15	12	4144	1.92343
3	-3.75	-15	13	3990	2.19889
3	-3.75	-15	14	4024	2.51139
3	-3.75	-15	15	3678	2.8725
3	-3.75	-15	16	3843	3.30028
3	-3.75	-15	17	4102	3.82528
3	-3.75	-15	18	4472	4.50584
3	-3.75	-15	19	5357	5.47806
3	-3.75	-15	20	746	6.5307
4	0	-15	1	379763	0.0583333
4	0	-15	2	59194	0.17807
4	0	-15	3	34991	0.304288
4	0	-15	4	24963	0.437731
4	0	-15	5	19599	0.579275
4	0	-15	6	16115	0.729969
4	0	-15	7	13774	0.89108
4	0	-15	8	12148	1.06416
4	0	-15	9	10822	1.25112
4	0	-15	10	9852	1.45441
4	0	-15	11	9176	1.67713
4	0	-15	12	8481	1.92343
4	0	-15	13	8064	2.19889
4	0	-15	14	8014	2.51139
4	0	-15	15	8000	2.8725
4	0	-15	16	7932	3.30028
4	0	-15	17	8344	3.82528
4	0	-15	18	9145	4.50584
4	0	-15	19	11069	5.47806
4	0	-15	20	1567	6.5307
5	3.75	-15	1	184224	0.0583333
5	3.75	-15	2	28690	0.17807
5	3.75	-15	3	16918	0.304288
5	3.75	-15	4	12162	0.437731
5	3.75	-15	5	9519	0.579275
5	3.75	-15	6	7780	0.729969
5	3.75	-15	7	6531	0.89108
5	3.75	-15	8	6034	1.06416
5	3.75	-15	9	5348	1.25112
5	3.75	-15	10	4722	1.45441
5	3.75	-15	11	4392	1.67713
5	3.75	-15	12	4145	1.92343
5	3.75	-15	13	3920	2.19889
5	3.75	-15	14	3753	2.51139
5	3.75	-15	15	3877	2.8725
5	3.75	-15	16	3813	3.30028
5	3.75	-15	17	4082	3.82528
5	3.75	-15	18	4467	4.50584
5	3.75	-15	19	5291	5.47806
5	3.75	-15	20	803	6.5307
6	7.5	-15	1	334265	0.0583333
6	7.5	-15	2	51740	0.17807
6	7.5	-15	3	30856	0.304288
6	7.5	-15	4	21703	0.437731
6	7.5	-15	5	17168	0.579275
6	7.5	-15	6	14212	0.729969
6	7.5	-15	7	12054	0.89108
6	7.5	-15	8	10506	1.06416
6	7.5	-15	9	9579	1.25112
6	7.5	-15	10	8648	1.45441
6	7.5	-15	11	8052	1.67713
6	7.5	-15	12	7467	1.92343
6	7.5	-15	13	7214	2.19889
6	7.5	-15	14	6772	2.51139
6	7.5	-15	15	6874	2.8725
6	7.5	-15	16	6994	3.30028
6	7.5	-15	17	7233	3.82528
6	7.5	-15	18	8067	4.50584
6	7.5	-15	19	9387	5.47806
6	7.5	-15	20	1259	6.5307
7	15	-15	1	487236	0.0583333
7	15	-15	2	74750	0.17807
7	15	-15	3	44177	0.304288
7	15	-15	4	31481	0.437731
7	15	-15	5	24766	0.579275
7	15	-15	6	20420	0.729969
7	15	-15	7	17256	0.89108
7	15	-15	8	15260	1.06416
7	15	-15	9	13779	1.25112
7	15	-15	10	12307	1.45441
7	15	-15	11	11528	1.67713
7	15	-15	12	10936	1.92343
7	15	-15	13	10354	2.19889
7	15	-15	14	10053	2.51139
7	15	-15	15	9784	2.8725
7	15	-15	16	10066	3.30028
7	15	-15	17	10472	3.82528
7	15	-15	18	11537	4.50584
7	15	-15	19	13588	5.47806
7	15	-15	20	1809	6.5307
8	-15	-7.5	1	335486	0.0583333
8	-15	-7.5	2	52206	0.17807
8	-15	-7.5	3	30615	0.304288
8	-15	-7.5	4	22121	0.437731
8	-15	-7.5	5	17202	0.579275
8	-15	-7.5	6	14124	0.729969
8	-15	-7.5	7	12205	0.89108
8	-15	-7.5	8	10468	1.06416
8	-15	-7.5	9	9409	1.25112
8	-15	-7.5	10	8669	1.45441
8	-15	-7.5	11	8058	1.67713
8	-15	-7.5	12	7462	1.92343
8	-15	-7.5	13	7188	2.19889
8	-15	-7.5	14	7035	2.51139
8	-15	-7.5	15	6813	2.8725
8	-15	-7.5	16	6848	3.30028
8	-15	-7.5	17	7134	3.82528
8	-15	-7.5	18	8078	4.50584
8	-15	-7.5	19	9614	5.47806
8	-15	-7.5	20	1329	6.5307
9	-7.5	-7.5	1	252170	0.0583333
9	-7.5	-7.5	2	39917	0.17807
9	-7.5	-7.5	3	23604	0.304288
9	-7.5	-7.5	4	16892	0.437731
9	-7.5	-7.5	5	12949	0.579275
9	-7.5	-7.5	6	10776	0.729969
9	-7.5	-7.5	7	9257	0.89108
9	-7.5	-7.5	8	8098	1.06416
9	-7.5	-7.5	9	7414	1.25112
9	-7.5	-7.5	10	6637	1.45441
9	-7.5	-7.5	11	6338	1.67713
9	-7.5	-7.5	12	5826	1.92343
9	-7.5	-7.5	13	5523	2.19889
9	-7.5	-7.5	14	5370	2.51139
9	-7.5	-7.5	15	5325	2.8725
9	-7.5	-7.5	16	5280	3.30028
9	-7.5	-7.5	17	5771	3.82528
9	-7.5	-7.5	18	6379	4.50584
9	-7.5	-7.5	19	7626	5.47806
9	-7.5	-7.5	20	1071	6.5307
10	-3.75	-7.5	1	147089	0.0583333
10	-3.75	-7.5	2	23480	0.17807
10	-3.75	-7.5	3	13782	0.304288
10	-3.75	-7.5	4	10033	0.437731
10	-3.75	-7.5	5	7733	0.579275
10	-3.75	-7.5	6	6372	0.729969
10	-3.75	-7.5	7	5529	0.89108
10	-3.75	-7.5	8	4827	1.06416
10	-3.75	-7.5	9	4437	1.25112
10	-3.75	-7.5	10	3878	1.45441
10	-3.75	-7.5	11	3613	1.67713
10	-3.75	-7.5	12	3546	1.92343
10	-3.75	-7.5	13	3280	2.19889
10	-3.75	-7.5	14	3199	2.51139
10	-3.75	-7.5	15	3111	2.8725
10	-3.75	-7.5	16	3146	3.30028
10	-3.75	-7.5	17	3322	3.82528
10	-3.75	-7.5	18	3825	4.50584
10	-3.75	-7.5	19	4460	5.47806
10	-3.75	-7.5	20	645	6.5307
11	0	-7.5	1	310382	0.0583333
11	0	-7.5	2	49966	0.17807
11	0	-7.5	3	29272	0.304288
11	0	-7.5	4	21133	0.437731
11	0	-7.5	5	16558	0.579275
11	0	-7.5	6	13713	0.729969
11	0	-7.5	7	11754	0.89108
11	0	-7.5	8	10152	1.06416
11	0	-7.5	9	9258	1.25112
11	0	-7.5	10	8386	1.45441
11	0	-7.5	11	7848	1.67713
11	0	-7.5	12	7252	1.92343
11	0	-7.5	13	7042	2.19889
11	0	-7.5	14	6730	2.51139
11	0	-7.5	15	6573	2.8725
11	0	-7.5	16	6762	3.30028
11	0	-7.5	17	7091	3.82528
11	0	-7.5	18	7819	4.50584
11	0	-7.5	19	9582	5.47806
11	0	-7.5	20	1439	6.5307
12	3.75	-7.5	1	146793	0.0583333
12	3.75	-7.5	2	23321	0.17807
12	3.75	-7.5	3	13805	0.304288
12	3.75	-7.5	4	9816	0.437731
12	3.75	-7.5	5	7662	0.579275
12	3.75	-7.5	6	6403	0.729969
12	3.75	-7.5	7	5436	0.89108
12	3.75	-7.5	8	4794	1.06416
12	3.75	-7.5	9	4326	1.25112
12	3.75	-7.5	10	3813	1.45441
12	3.75	-7.5	11	3666	1.67713
12	3.75	-7.5	12	3477	1.92343
12	3.75	-7.5	13	3190	2.19889
12	3.75	-7.5	14	3299	2.51139
12	3.75	-7.5	15	3207	2.8725
12	3.75	-7.5	16	3092	3.30028
12	3.75	-7.5	17	3320	3.82528
12	3.75	-7.5	18	3714	4.50584
12	3.75	-7.5	19	4466	5.47806
12	3.75	-7.5	20	648	6.5307
13	7.5	-7.5	1	251384	0.0583333
13	7.5	-7.5	2	39724	0.17807
13	7.5	-7.5	3	23358	0.304288
13	7.5	-7.5	4	16631	0.437731
13	7.5	-7.5	5	13011	0.579275
13	7.5	-7.5	6	10759	0.729969
13	7.5	-7.5	7	9280	0.89108
13	7.5	-7.5	8	8043	1.06416
13	7.5	-7.5	9	7363	1.25112
13	7.5	-7.5	10	6661	1.45441
13	7.5	-7.5	11	6189	1.67713
13	7.5	-7.5	12	5821	1.92343
13	7.5	-7.5	13	5615	2.19889
13	7.5	-7.5	14	5307	2.51139
13	7.5	-7.5	15	5196	2.8725
13	7.5	-7.5	16	5375	3.30028
13	7.5	-7.5	17	5581	3.82528
13	7.5	-7.5	18	6145	4.50584
13	7.5	-7.5	19	7575	5.47806
13	7.5	-7.5	20	1086	6.5307
14	15	-7.5	1	335249	0.0583333
14	15	-7.5	2	52111	0.17807
14	15	-7.5	3	30555	0.304288
14	15	-7.5	4	21982	0.437731
14	15	-7.5	5	17184	0.579275
14	15	-7.5	6	14208	0.729969
14	15	-7.5	7	12136	0.89108
14	15	-7.5	8	10437	1.06416
14	15	-7.5	9	9490	1.25112
14	15	-7.5	10	8525	1.45441
14	15	-7.5	11	8197	1.67713
14	15	-7.5	12	7481	1.92343
14	15	-7.5	13	7137	2.19889
14	15	-7.5	14	6940	2.51139
14	15	-7.5	15	6927	2.8725
14	15	-7.5	16	7010	3.30028
14	15	-7.5	17	7376	3.82528
14	15	-7.5	18	7976	4.50584
14	15	-7.5	19	9578	5.47806
14	15	-7.5	20	1355	6.5307
15	-15	-3.75	1	185567	0.0583333
15	-15	-3.75	2	28917	0.17807
15	-15	-3.75	3	17063	0.304288
15	-15	-3.75	4	12288	0.437731
15	-15	-3.75	5	9570	0.579275
15	-15	-3.75	6	7913	0.729969
15	-15	-3.75	7	6755	0.89108
15	-15	-3.75	8	5802	1.06416
15	-15	-3.75	9	5172	1.25112
15	-15	-3.75	10	4739	1.45441
15	-15	-3.75	11	4317	1.67713
15	-15	-3.75	12	4215	1.92343
15	-15	-3.75	13	3995	2.19889
15	-15	-3.75	14	3899	2.51139
15	-15	-3.75	15	3779	2.8725
15	-15	-3.75	16	3798	3.30028
15	-15	-3.75	17	3922	3.82528
15	-15	-3.75	18	4457	4.50584
15	-15	-3.75	19	5317	5.47806
15	-15	-3.75	20	753	6.5307
16	-7.5	-3.75	1	147708	0.0583333
16	-7.5	-3.75	2	23360	0.17807
16	-7.5	-3.75	3	13985	0.304288
16	-7.5	-3.75	4	9931	0.437731
16	-7.5	-3.75	5	7893	0.579275
16	-7.5	-3.75	6	6403	0.729969
16	-7.5	-3.75	7	5489	0.89108
16	-7.5	-3.75	8	4773	1.06416
16	-7.5	-3.75	9	4342	1.25112
16	-7.5	-3.75	10	4085	1.45441
16	-7.5	-3.75	11	3624	1.67713
16	-7.5	-3.75	12	3531	1.92343
16	-7.5	-3.75	13	3334	2.19889
16	-7.5	-3.75	14	3161	2.51139
16	-7.5	-3.75	15	3121	2.8725
16	-7.5	-3.75	16	3226	3.30028
16	-7.5	-3.75	17	3497	3.82528
16	-7.5	-3.75	18	3712	4.50584
16	-7.5	-3.75	19	4507	5.47806
16	-7.5	-3.75	20	700	6.5307
17	-3.75	-3.75	1	90549	0.0583333
17	-3.75	-3.75	2	14966	0.17807
17	-3.75	-3.75	3	8985	0.304288
17	-3.75	-3.75	4	6308	0.437731
17	-3.75	-3.75	5	4977	0.579275
17	-3.75	-3.75	6	4108	0.729969
17	-3.75	-3.75	7	3611	0.89108
17	-3.75	-3.75	8	3076	1.06416
17	-3.75	-3.75	9	2822	1.25112
17	-3.75	-3.75	10	2513	1.45441
17	-3.75	-3.75	11	2415	1.67713
17	-3.75	-3.75	12	2218	1.92343
17	-3.75	-3.75	13	2086	2.19889
17	-3.75	-3.75	14	2038	2.51139
17	-3.75	-3.75	15	2069	2.8725
17	-3.75	-3.75	16	2035	3.30028
17	-3.75	-3.75	17	2134	3.82528
17	-3.75	-3.75	18	2363	4.50584
17	-3.75	-3.75	19	2903	5.47806
17	-3.75	-3.75	20	383	6.5307
18	0	-3.75	1	200559	0.0583333
18	0	-3.75	2	33619	0.17807
18	0	-3.75	3	19878	0.304288
18	0	-3.75	4	14437	0.437731
18	0	-3.75	5	11276	0.579275
18	0	-3.75	6	9378	0.729969
18	0	-3.75	7	7867	0.89108
18	0	-3.75	8	7071	1.06416
18	0	-3.75	9	6292	1.25112
18	0	-3.75	10	5785	1.45441
18	0	-3.75	11	5364	1.67713
18	0	-3.75	12	4956	1.92343
18	0	-3.75	13	4639	2.19889
18	0	-3.75	14	4640	2.51139
18	0	-3.75	15	4669	2.8725
18	0	-3.75	16	4742	3.30028
18	0	-3.75	17	4897	3.82528
18	0	-3.75	18	5266	4.50584
18	0	-3.75	19	6797	5.47806
18	0	-3.75	20	986	6.5307
19	3.75	-3.75	1	89897	0.0583333
19	3.75	-3.75	2	14868	0.17807
19	3.75	-3.75	3	8882	0.304288
19	3.75	-3.75	4	6149	0.437731
19	3.75	-3.75	5	5021	0.579275
19	3.75	-3.75	6	4122	0.729969
19	3.75	-3.75	7	3514	0.89108
19	3.75	-3.75	8	3059	1.06416
19	3.75	-3.75	9	2796	1.25112
19	3.75	-3.75	10	2510	1.45441
19	3.75	-3.75	11	2435	1.67713
19	3.75	-3.75	12	2167	1.92343
19	3.75	-3.75	13	2166	2.19889
19	3.75	-3.75	14	2126	2.51139
19	3.75	-3.75	15	1966	2.8725
19	3.75	-3.75	16	1989	3.30028
19	3.75	-3.75	17	2174	3.82528
19	3.75	-3.75	18	2417	4.50584
19	3.75	-3.75	19	2880	5.47806
19	3.75	-3.75	20	441	6.5307
20	7.5	-3.75	1	146110	0.0583333
20	7.5	-3.75	2	23648	0.17807
20	7.5	-3.75	3	13842	0.304288
20	7.5	-3.75	4	9942	0.437731
20	7.5	-3.75	5	7741	0.579275
20	7.5	-3.75	6	6454	0.729969
20	7.5	-3.75	7	5401	0.89108
20	7.5	-3.75	8	4852	1.06416
20	7.5	-3.75	9	4230	1.25112
20	7.5	-3.75	10	3998	1.45441
20	7.5	-3.75	11	3667	1.67713
20	7.5	-3.75	12	3419	1.92343
20	7.5	-3.75	13	3179	2.19889
20	7.5	-3.75	14	3199	2.51139
20	7.5	-3.75	15	3147	2.8725
20	7.5	-3.75	16	3102	3.30028
20	7.5	-3.75	17	3223	3.82528
20	7.5	-3.75	18	3741	4.50584
20	7.5	-3.75	19	4437	5.47806
20	7.5	-3.75	20	693	6.5307
21	15	-3.75	1	184515	0.0583333
21	15	-3.75	2	28797	0.17807
21	15	-3.75	3	17095	0.304288
21	15	-3.75	4	12232	0.437731
21	15	-3.75	5	9173	0.579275
21	15	-3.75	6	7739	0.729969
21	15	-3.75	7	6635	0.89108
21	15	-3.75	8	5862	1.06416
21	15	-3.75	9	5317	1.25112
21	15	-3.75	10	4848	1.45441
21	15	-3.75	11	4320	1.67713
21	15	-3.75	12	4217	1.92343
21	15	-3.75	13	4002	2.19889
21	15	-3.75	14	3744	2.51139
21	15	-3.75	15	3754	2.8725
21	15	-3.75	16	3913	3.30028
21	15	-3.75	17	4008	3.82528
21	15	-3.75	18	4567	4.50584
21	15	-3.75	19	5205	5.47806
21	15	-3.75	20	730	6.5307
22	-15	0	1	382763	0.0583333
22	-15	0	2	59768	0.17807
22	-15	0	3	35133	0.304288
22	-15	0	4	25202	0.437731
22	-15	0	5	19525	0.579275
22	-15	0	6	16362	0.729969
22	-15	0	7	13826	0.89108
22	-15	0	8	12236	1.06416
22	-15	0	9	11102	1.25112
22	-15	0	10	9856	1.45441
22	-15	0	11	9214	1.67713
22	-15	0	12	8578	1.92343
22	-15	0	13	8211	2.19889
22	-15	0	14	8035	2.51139
22	-15	0	15	7953	2.8725
22	-15	0	16	7967	3.30028
22	-15	0	17	8286	3.82528
22	-15	0	18	9318	4.50584
22	-15	0	19	11029	5.47806
22	-15	0	20	1541	6.5307
23	-7.5	0	1	311832	0.0583333
23	-7.5	0	2	49879	0.17807
23	-7.5	0	3	29725	0.304288
23	-7.5	0	4	21290	0.437731
23	-7.5	0	5	16692	0.579275
23	-7.5	0	6	13899	0.729969
23	-7.5	0	7	11757	0.89108
23	-7.5	0	8	10194	1.06416
23	-7.5	0	9	9223	1.25112
23	-7.5	0	10	8388	1.45441
23	-7.5	0	11	7795	1.67713
23	-7.5	0	12	7281	1.92343
23	-7.5	0	13	7121	2.19889
23	-7.5	0	14	6799	2.51139
23	-7.5	0	15	6735	2.8725
23	-7.5	0	16	6936	3.30028
23	-7.5	0	17	7088	3.82528
23	-7.5	0	18	8054	4.50584
23	-7.5	0	19	9730	5.47806
23	-7.5	0	20	1351	6.5307
24	-3.75	0	1	201965	0.0583333
24	-3.75	0	2	33971	0.17807
24	-3.75	0	3	20100	0.304288
24	-3.75	0	4	14563	0.437731
24	-3.75	0	5	11378	0.579275
24	-3.75	0	6	9385	0.729969
24	-3.75	0	7	8068	0.89108
24	-3.75	0	8	6981	1.06416
24	-3.75	0	9	6409	1.25112
24	-3.75	0	10	5809	1.45441
24	-3.75	0	11	5316	1.67713
24	-3.75	0	12	5100	1.92343
24	-3.75	0	13	4740	2.19889
24	-3.75	0	14	4575	2.51139
24	-3.75	0	15	4638	2.8725
24	-3.75	0	16	4574	3.30028
24	-3.75	0	17	4958	3.82528
24	-3.75	0	18	5473	4.50584
24	-3.75	0	19	6592	5.47806
24	-3.75	0	20	1042	6.5307
25	0	0	1	491257	0.0583333
25	0	0	2	89590	0.17807
25	0	0	3	53812	0.304288
25	0	0	4	39033	0.437731
25	0	0	5	30527	0.579275
25	0	0	6	25911	0.729969
25	0	0	7	21908	0.89108
25	0	0	8	19263	1.06416
25	0	0	9	17368	1.25112
25	0	0	10	15732	1.45441
25	0	0	11	14670	1.67713
25	0	0	12	13724	1.92343
25	0	0	13	13247	2.19889
25	0	0	14	12655	2.51139
25	0	0	15	12802	2.8725
25	0	0	16	12895	3.30028
25	0	0	17	13688	3.82528
25	0	0	18	15136	4.50584
25	0	0	19	18655	5.47806
25	0	0	20	2913	6.5307
26	3.75	0	1	199868	0.0583333
26	3.75	0	2	33285	0.17807
26	3.75	0	3	19916	0.304288
26	3.75	0	4	14294	0.437731
26	3.75	0	5	11063	0.579275
26	3.75	0	6	9187	0.729969
26	3.75	0	7	7929	0.89108
26	3.75	0	8	7001	1.06416
26	3.75	0	9	6270	1.25112
26	3.75	0	10	5817	1.45441
26	3.75	0	11	5371	1.67713
26	3.75	0	12	5003	1.92343
26	3.75	0	13	4760	2.19889
26	3.75	0	14	4538	2.51139
26	3.75	0	15	4487	2.8725
26	3.75	0	16	4633	3.30028
26	3.75	0	17	4859	3.82528
26	3.75	0	18	5298	4.50584
26	3.75	0	19	6572	5.47806
26	3.75	0	20	990	6.5307
27	7.5	0	1	308930	0.0583333
27	7.5	0	2	49862	0.17807
27	7.5	0	3	29703	0.304288
27	7.5	0	4	21275	0.437731
27	7.5	0	5	16450	0.579275
27	7.5	0	6	13508	0.729969
27	7.5	0	7	11761	0.89108
27	7.5	0	8	10160	1.06416
27	7.5	0	9	9174	1.25112
27	7.5	0	10	8407	1.45441
27	7.5	0	11	7764	1.67713
27	7.5	0	12	7276	1.92343
27	7.5	0	13	6931	2.19889
27	7.5	0	14	6873	2.51139
27	7.5	0	15	6677	2.8725
27	7.5	0	16	6743	3.30028
27	7.5	0	17	7010	3.82528
27	7.5	0	18	7803	4.50584
27	7.5	0	19	9499	5.47806
27	7.5	0	20	1458	6.5307
28	15	0	1	379225	0.0583333
28	15	0	2	59127	0.17807
28	15	0	3	35310	0.304288
28	15	0	4	24902	0.437731
28	15	0	5	19692	0.579275
28	15	0	6	16218	0.729969
28	15	0	7	13933	0.89108
28	15	0	8	11982	1.06416
28	15	0	9	10866	1.25112
28	15	0	10	9914	1.45441
28	15	0	11	9005	1.67713
28	15	0	12	8588	1.92343
28	15	0	13	8211	2.19889
28	15	0	14	8101	2.51139
28	15	0	15	7699	2.8725
28	15	0	16	7776	3.30028
28	15	0	17	8280	3.82528
28	15	0	18	9218	4.50584
28	15	0	19	10851	5.47806
28	15	0	20	1555	6.5307
29	-15	3.75	1	184623	0.0583333
29	-15	3.75	2	28854	0.17807
29	-15	3.75	3	16939	0.304288
29	-15	3.75	4	12200	0.437731
29	-15	3.75	5	9638	0.579275
29	-15	3.75	6	7913	0.729969
29	-15	3.75	7	6881	0.89108
29	-15	3.75	8	5815	1.06416
29	-15	3.75	9	5331	1.25112
29	-15	3.75	10	4742	1.45441
29	-15	3.75	11	4367	1.67713
29	-15	3.75	12	4227	1.92343
29	-15	3.75	13	3869	2.19889
29	-15	3.75	14	3794	2.51139
29	-15	3.75	15	3797	2.8725
29	-15	3.75	16	3936	3.30028
29	-15	3.75	17	3996	3.82528
29	-15	3.75	18	4537	4.50584
29	-15	3.75	19	5240	5.47806
29	-15	3.75	20	684	6.5307
30	-7.5	3.75	1	147063	0.0583333
30	-7.5	3.75	2	23735	0.17807
30	-7.5	3.75	3	13724	0.304288
30	-7.5	3.75	4	9892	0.437731
30	-7.5	3.75	5	7920	0.579275
30	-7.5	3.75	6	6588	0.729969
30	-7.5	3.75	7	5554	0.89108
30	-7.5	3.75	8	4985	1.06416
30	-7.5	3.75	9	4496	1.25112
30	-7.5	3.75	10	3949	1.45441
30	-7.5	3.75	11	3606	1.67713
30	-7.5	3.75	12	3464	1.92343
30	-7.5	3.75	13	3371	2.19889
30	-7.5	3.75	14	3220	2.51139
30	-7.5	3.75	15	3170	2.8725
30	-7.5	3.75	16	3303	3.30028
30	-7.5	3.75	17	3288	3.82528
30	-7.5	3.75	18	3825	4.50584
30	-7.5	3.75	19	4433	5.47806
30	-7.5	3.75	20	631	6.5307
31	-3.75	3.75	1	91157	0.0583333
31	-3.75	3.75	2	15026	0.17807
31	-3.75	3.75	3	8810	0.304288
31	-3.75	3.75	4	6358	0.437731
31	-3.75	3.75	5	4918	0.579275
31	-3.75	3.75	6	4051	0.729969
31	-3.75	3.75	7	3542	0.89108
31	-3.75	3.75	8	3114	1.06416
31	-3.75	3.75	9	2707	1.25112
31	-3.75	3.75	10	2552	1.45441
31	-3.75	3.75	11	2461	1.67713
31	-3.75	3.75	12	2255	1.92343
31	-3.75	3.75	13	2100	2.19889
31	-3.75	3.75	14	2051	2.51139
31	-3.75	3.75	15	2022	2.8725
31	-3.75	3.75	16	2068	3.30028
31	-3.75	3.75	17	2128	3.82528
31	-3.75	3.75	18	2463	4.50584
31	-3.75	3.75	19	2940	5.47806
31	-3.75	3.75	20	426	6.5307
32	0	3.75	1	199997	0.0583333
32	0	3.75	2	33650	0.17807
32	0	3.75	3	19863	0.304288
32	0	3.75	4	14352	0.437731
32	0	3.75	5	11217	0.579275
32	0	3.75	6	9229	0.729969
32	0	3.75	7	8062	0.89108
32	0	3.75	8	6957	1.06416
32	0	3.75	9	6275	1.25112
32	0	3.75	10	5757	1.45441
32	0	3.75	11	5390	1.67713
32	0	3.75	12	4907	1.92343
32	0	3.75	13	4738	2.19889
32	0	3.75	14	4621	2.51139
32	0	3.75	15	4615	2.8725
32	0	3.75	16	4635	3.30028
32	0	3.75	17	4928	3.82528
32	0	3.75	18	5394	4.50584
32	0	3.75	19	6747	5.47806
32	0	3.75	20	1014	6.5307
33	3.75	3.75	1	90421	0.0583333
33	3.75	3.75	2	14894	0.17807
33	3.75	3.75	3	8607	0.304288
33	3.75	3.75	4	6305	0.437731
33	3.75	3.75	5	4851	0.579275
33	3.75	3.75	6	4130	0.729969
33	3.75	3.75	7	3570	0.89108
33	3.75	3.75	8	3112	1.06416
33	3.75	3.75	9	2832	1.25112
33	3.75	3.75	10	2573	1.45441
33	3.75	3.75	11	2428	1.67713
33	3.75	3.75	12	2207	1.92343
33	3.75	3.75	13	2140	2.19889
33	3.75	3.75	14	2091	2.51139
33	3.75	3.75	15	2057	2.8725
33	3.75	3.75	16	2073	3.30028
33	3.75	3.75	17	2188	3.82528
33	3.75	3.75	18	2332	4.50584
33	3.75	3.75	19	2777	5.47806
33	3.75	3.75	20	417	6.5307
34	7.5	3.75	1	145753	0.0583333
34	7.5	3.75	2	23234	0.17807
34	7.5	3.75	3	13756	0.304288
34	7.5	3.75	4	10081	0.437731
34	7.5	3.75	5	7633	0.579275
34	7.5	3.75	6	6339	0.729969
34	7.5	3.75	7	5522	0.89108
34	7.5	3.75	8	4916	1.06416
34	7.5	3.75	9	4204	1.25112
34	7.5	3.75	10	3979	1.45441
34	7.5	3.75	11	3652	1.67713
34	7.5	3.75	12	3369	1.92343
34	7.5	3.75	13	3181	2.19889
34	7.5	3.75	14	3123	2.51139
34	7.5	3.75	15	3223	2.8725
34	7.5	3.75	16	3058	3.30028
34	7.5	3.75	17	3460	3.82528
34	7.5	3.75	18	3657	4.50584
34	7.5	3.75	19	4547	5.47806
34	7.5	3.75	20	662	6.5307
35	15	3.75	1	183394	0.0583333
35	15	3.75	2	28722	0.17807
35	15	3.75	3	16717	0.304288
35	15	3.75	4	12148	0.437731
35	15	3.75	5	9348	0.579275
35	15	3.75	6	7864	0.729969
35	15	3.75	7	6767	0.89108
35	15	3.75	8	5795	1.06416
35	15	3.75	9	5216	1.25112
35	15	3.75	10	4796	1.45441
35	15	3.75	11	4303	1.67713
35	15	3.75	12	4066	1.92343
35	15	3.75	13	3986	2.19889
35	15	3.75	14	3829	2.51139
35	15	3.75	15	3780	2.8725
35	15	3.75	16	3825	3.30028
35	15	3.75	17	4005	3.82528
35	15	3.75	18	4544	4.50584
35	15	3.75	19	5300	5.47806
35	15	3.75	20	723	6.5307
36	-15	7.5	1	335807	0.0583333
36	-15	7.5	2	52425	0.17807
36	-15	7.5	3	30800	0.304288
36	-15	7.5	4	22164	0.437731
36	-15	7.5	5	17113	0.579275
36	-15	7.5	6	14138	0.729969
36	-15	7.5	7	12282	0.89108
36	-15	7.5	8	10441	1.06416
36	-15	7.5	9	9752	1.25112
36	-15	7.5	10	8746	1.45441
36	-15	7.5	11	8050	1.67713
36	-15	7.5	12	7637	1.92343
36	-15	7.5	13	7299	2.19889
36	-15	7.5	14	6893	2.51139
36	-15	7.5	15	6921	2.8725
36	-15	7.5	16	7017	3.30028
36	-15	7.5	17	7465	3.82528
36	-15	7.5	18	7962	4.50584
36	-15	7.5	19	9427	5.47806
36	-15	7.5	20	1263	6.5307
37	-7.5	7.5	1	252267	0.0583333
37	-7.5	7.5	2	39618	0.17807
37	-7.5	7.5	3	23598	0.304288
37	-7.5	7.5	4	16670	0.437731
37	-7.5	7.5	5	13092	0.579275
37	-7.5	7.5	6	10853	0.729969
37	-7.5	7.5	7	9412	0.89108
37	-7.5	7.5	8	8210	1.06416
37	-7.5	7.5	9	7348	1.25112
37	-7.5	7.5	10	6553	1.45441
37	-7.5	7.5	11	6120	1.67713
37	-7.5	7.5	12	5860	1.92343
37	-7.5	7.5	13	5533	2.19889
37	-7.5	7.5	14	5447	2.51139
37	-7.5	7.5	15	5303	2.8725
37	-7.5	7.5	16	5431	3.30028
37	-7.5	7.5	17	5556	3.82528
37	-7.5	7.5	18	6210	4.50584
37	-7.5	7.5	19	7484	5.47806
37	-7.5	7.5	20	1100	6.5307
38	-3.75	7.5	1	146918	0.0583333
38	-3.75	7.5	2	23168	0.17807
38	-3.75	7.5	3	13823	0.304288
38	-3.75	7.5	4	9958	0.437731
38	-3.75	7.5	5	7715	0.579275
38	-3.75	7.5	6	6359	0.729969
38	-3.75	7.5	7	5524	0.89108
38	-3.75	7.5	8	4837	1.06416
38	-3.75	7.5	9	4295	1.25112
38	-3.75	7.5	10	3938	1.45441
38	-3.75	7.5	11	3631	1.67713
38	-3.75	7.5	12	3474	1.92343
38	-3.75	7.5	13	3245	2.19889
38	-3.75	7.5	14	3262	2.51139
38	-3.75	7.5	15	3109	2.8725
38	-3.75	7.5	16	3224	3.30028
38	-3.75	7.5	17	3260	3.82528
38	-3.75	7.5	18	3679	4.50584
38	-3.75	7.5	19	4491	5.47806
38	-3.75	7.5	20	641	6.5307
39	0	7.5	1	309725	0.0583333
39	0	7.5	2	49834	0.17807
39	0	7.5	3	29048	0.304288
39	0	7.5	4	21137	0.437731
39	0	7.5	5	16700	0.579275
39	0	7.5	6	13589	0.729969
39	0	7.5	7	11546	0.89108
39	0	7.5	8	10051	1.06416
39	0	7.5	9	9267	1.25112
39	0	7.5	10	8199	1.45441
39	0	7.5	11	7869	1.67713
39	0	7.5	12	7380	1.92343
39	0	7.5	13	6922	2.19889
39	0	7.5	14	6679	2.51139
39	0	7.5	15	6773	2.8725
39	0	7.5	16	6816	3.30028
39	0	7.5	17	6963	3.82528
39	0	7.5	18	7745	4.50584
39	0	7.5	19	9569	5.47806
39	0	7.5	20	1406	6.5307
40	3.75	7.5	1	146023	0.0583333
40	3.75	7.5	2	22894	0.17807
40	3.75	7.5	3	13891	0.304288
40	3.75	7.5	4	10074	0.437731
40	3.75	7.5	5	7683	0.579275
40	3.75	7.5	6	6428	0.729969
40	3.75	7.5	7	5643	0.89108
40	3.75	7.5	8	4719	1.06416
40	3.75	7.5	9	4281	1.25112
40	3.75	7.5	10	4002	1.45441
40	3.75	7.5	11	3599	1.67713
40	3.75	7.5	12	3543	1.92343
40	3.75	7.5	13	3339	2.19889
40	3.75	7.5	14	3116	2.51139
40	3.75	7.5	15	3192	2.8725
40	3.75	7.5	16	3206	3.30028
40	3.75	7.5	17	3373	3.82528
40	3.75	7.5	18	3718	4.50584
40	3.75	7.5	19	4371	5.47806
40	3.75	7.5	20	626	6.5307
41	7.5	7.5	1	251151	0.0583333
41	7.5	7.5	2	39787	0.17807
41	7.5	7.5	3	23150	0.304288
41	7.5	7.5	4	16698	0.437731
41	7.5	7.5	5	12988	0.579275
41	7.5	7.5	6	10885	0.729969
41	7.5	7.5	7	9233	0.89108
41	7.5	7.5	8	8147	1.06416
41	7.5	7.5	9	7251	1.25112
41	7.5	7.5	10	6701	1.45441
41	7.5	7.5	11	6222	1.67713
41	7.5	7.5	12	5777	1.92343
41	7.5	7.5	13	5580	2.19889
41	7.5	7.5	14	5478	2.51139
41	7.5	7.5	15	5059	2.8725
41	7.5	7.5	16	5386	3.30028
41	7.5	7.5	17	5632	3.82528
41	7.5	7.5	18	6302	4.50584
41	7.5	7.5	19	7501	5.47806
41	7.5	7.5	20	1009	6.5307
42	15	7.5	1	334095	0.0583333
42	15	7.5	2	52040	0.17807
42	15	7.5	3	30656	0.304288
42	15	7.5	4	22020	0.437731
42	15	7.5	5	17107	0.579275
42	15	7.5	6	14095	0.729969
42	15	7.5	7	12226	0.89108
42	15	7.5	8	10544	1.06416
42	15	7.5	9	9480	1.25112
42	15	7.5	10	8692	1.45441
42	15	7.5	11	8046	1.67713
42	15	7.5	12	7538	1.92343
42	15	7.5	13	7166	2.19889
42	15	7.5	14	6926	2.51139
42	15	7.5	15	6702	2.8725
42	15	7.5	16	6894	3.30028
42	15	7.5	17	7236	3.82528
42	15	7.5	18	8070	4.50584
42	15	7.5	19	9533	5.47806
42	15	7.5	20	1327	6.5307
43	-15	15	1	489684	0.0583333
43	-15	15	2	75506	0.17807
43	-15	15	3	44575	0.304288
43	-15	15	4	31843	0.437731
43	-15	15	5	24679	0.579275
43	-15	15	6	20355	0.729969
43	-15	15	7	17372	0.89108
43	-15	15	8	15423	1.06416
43	-15	15	9	13689	1.25112
43	-15	15	10	12392	1.45441
43	-15	15	11	11586	1.67713
43	-15	15	12	11033	1.92343
43	-15	15	13	10366	2.19889
43	-15	15	14	9883	2.51139
43	-15	15	15	9877	2.8725
43	-15	15	16	10009	3.30028
43	-15	15	17	10601	3.82528
43	-15	15	18	11472	4.50584
43	-15	15	19	13727	5.47806
43	-15	15	20	1882	6.5307
44	-7.5	15	1	336089	0.0583333
44	-7.5	15	2	52016	0.17807
44	-7.5	15	3	30666	0.304288
44	-7.5	15	4	21633	0.437731
44	-7.5	15	5	17322	0.579275
44	-7.5	15	6	14147	0.729969
44	-7.5	15	7	12090	0.89108
44	-7.5	15	8	10743	1.06416
44	-7.5	15	9	9533	1.25112
44	-7.5	15	10	8782	1.45441
44	-7.5	15	11	7998	1.67713
44	-7.5	15	12	7478	1.92343
44	-7.5	15	13	7106	2.19889
44	-7.5	15	14	6981	2.51139
44	-7.5	15	15	6927	2.8725
44	-7.5	15	16	6957	3.30028
44	-7.5	15	17	7284	3.82528
44	-7.5	15	18	8120	4.50584
44	-7.5	15	19	9410	5.47806
44	-7.5	15	20	1356	6.5307
45	-3.75	15	1	184332	0.0583333
45	-3.75	15	2	28863	0.17807
45	-3.75	15	3	16873	0.304288
45	-3.75	15	4	12121	0.437731
45	-3.75	15	5	9459	0.579275
45	-3.75	15	6	7873	0.729969
45	-3.75	15	7	6554	0.89108
45	-3.75	15	8	5903	1.06416
45	-3.75	15	9	5354	1.25112
45	-3.75	15	10	4834	1.45441
45	-3.75	15	11	4483	1.67713
45	-3.75	15	12	4229	1.92343
45	-3.75	15	13	4034	2.19889
45	-3.75	15	14	3804	2.51139
45	-3.75	15	15	3801	2.8725
45	-3.75	15	16	3774	3.30028
45	-3.75	15	17	4057	3.82528
45	-3.75	15	18	4367	4.50584
45	-3.75	15	19	5442	5.47806
45	-3.75	15	20	768	6.5307
46	0	15	1	380316	0.0583333
46	0	15	2	59071	0.17807
46	0	15	3	35073	0.304288
46	0	15	4	25229	0.437731
46	0	15	5	19764	0.579275
46	0	15	6	16045	0.729969
46	0	15	7	13834	0.89108
46	0	15	8	11990	1.06416
46	0	15	9	10938	1.25112
46	0	15	10	9991	1.45441
46	0	15	11	9110	1.67713
46	0	15	12	8730	1.92343
46	0	15	13	8177	2.19889
46	0	15	14	7763	2.51139
46	0	15	15	7864	2.8725
46	0	15	16	7984	3.30028
46	0	15	17	8440	3.82528
46	0	15	18	9280	4.50584
46	0	15	19	11065	5.47806
46	0	15	20	1477	6.5307
47	3.75	15	1	183869	0.0583333
47	3.75	15	2	28701	0.17807
47	3.75	15	3	16830	0.304288
47	3.75	15	4	11904	0.437731
47	3.75	15	5	9429	0.579275
47	3.75	15	6	7822	0.729969
47	3.75	15	7	6558	0.89108
47	3.75	15	8	6021	1.06416
47	3.75	15	9	5253	1.25112
47	3.75	15	10	4723	1.45441
47	3.75	15	11	4318	1.67713
47	3.75	15	12	4062	1.92343
47	3.75	15	13	4148	2.19889
47	3.75	15	14	3804	2.51139
47	3.75	15	15	3849	2.8725
47	3.75	15	16	3871	3.30028
47	3.75	15	17	3990	3.82528
47	3.75	15	18	4464	4.50584
47	3.75	15	19	5201	5.47806
47	3.75	15	20	748	6.5307
48	7.5	15	1	335157	0.0583333
48	7.5	15	2	51685	0.17807
48	7.5	15	3	30652	0.304288
48	7.5	15	4	21857	0.437731
48	7.5	15	5	16908	0.579275
48	7.5	15	6	14154	0.729969
48	7.5	15	7	11969	0.89108
48	7.5	15	8	10732	1.06416
48	7.5	15	9	9686	1.25112
48	7.5	15	10	8549	1.45441
48	7.5	15	11	7915	1.67713
48	7.5	15	12	7597	1.92343
48	7.5	15	13	7187	2.19889
48	7.5	15	14	6856	2.51139
48	7.5	15	15	7013	2.8725
48	7.5	15	16	6979	3.30028
48	7.5	15	17	7149	3.82528
48	7.5	15	18	7983	4.50584
48	7.5	15	19	9520	5.47806
48	7.5	15	20	1360	6.5307
49	15	15	1	487933	0.0583333
49	15	15	2	75289	0.17807
49	15	15	3	43994	0.304288
49	15	15	4	31747	0.437731
49	15	15	5	24796	0.579275
49	15	15	6	20523	0.729969
49	15	15	7	17133	0.89108
49	15	15	8	15035	1.06416
49	15	15	9	13731	1.25112
49	15	15	10	12452	1.45441
49	15	15	11	11432	1.67713
49	15	15	12	10986	1.92343
49	15	15	13	10358	2.19889
49	15	15	14	10023	2.51139
49	15	15	15	9697	2.8725
49	15	15	16	9968	3.30028
49	15	15	17	10408	3.82528
49	15	15	18	11515	4.50584
49	15	15	19	13529	5.47806
49	15	15	20	1881	6.5307
